version https://git-lfs.github.com/spec/v1
oid sha256:7c03802f922e0c12df3d7a469f9836e386d1fbbedd3ae6145b4f73fb283e0cf5
size 55919
