version https://git-lfs.github.com/spec/v1
oid sha256:fe47a833b4b5291aceab09d06a13b75c462ef8130e2ac6700bfcd0e683b104ad
size 30525
