version https://git-lfs.github.com/spec/v1
oid sha256:f047210b5e0bea2c08c80237e2c645916dce0da7fc8ea73855cbaf16ced1b1af
size 473009
